# DESCRIPTION: Verilator output: Timestamp data for --skip-identical.  Delete at will.
C "--sv --binary --timing --top-module tb_ARB_TL_V1 tb_arb_tl_v1.sv"
S  10965232  2111187  1750172602   396617199  1749934182           0 "/usr/bin/verilator_bin"
S      6525  2111284  1750172602   424737291  1749934182           0 "/usr/share/verilator/include/verilated_std.sv"
S      2787  2111285  1750172602   424779866  1749934182           0 "/usr/share/verilator/include/verilated_std_waiver.vlt"
S      6697  6083080  1761638926   275897090  1761638926   275897090 "ARB_TL_V1.sv"
S      2341  6061614  1761632187   352930070  1761632187   352930070 "access_check.sv"
S      3516  5860082  1761631550   686943556  1761631550   686943556 "act_mem.sv"
S      5859  5870878  1761552269   936719024  1761552269   936719024 "dealloc.sv"
S      8416  5860078  1761628296    54296455  1761628296    54296455 "malloc.sv"
S     10985  6060572  1761638424    18075875  1761638424    18075875 "mpu.sv"
S      2978  5542573  1761636015   575673962  1761636015   575673962 "mpu_common.svh"
T      3221  6083394  1761639690    31697166  1761639690    31697166 "obj_dir/Vtb_ARB_TL_V1.cpp"
T      3497  6083393  1761639690    31576489  1761639690    31576489 "obj_dir/Vtb_ARB_TL_V1.h"
T      1908  6083407  1761639690    36142098  1761639690    36142098 "obj_dir/Vtb_ARB_TL_V1.mk"
T       536  6083392  1761639690    31471208  1761639690    31471208 "obj_dir/Vtb_ARB_TL_V1__ConstPool_0.cpp"
T       909  6083390  1761639690    30675856  1761639690    30675856 "obj_dir/Vtb_ARB_TL_V1__Syms.cpp"
T      1030  6083391  1761639690    31404536  1761639690    31404536 "obj_dir/Vtb_ARB_TL_V1__Syms.h"
T     10004  6083396  1761639690    32039008  1761639690    32039008 "obj_dir/Vtb_ARB_TL_V1___024root.h"
T      2550  6083401  1761639690    33646386  1761639690    33646386 "obj_dir/Vtb_ARB_TL_V1___024root__DepSet_h228de2ab__0.cpp"
T       944  6083399  1761639690    32349278  1761639690    32349278 "obj_dir/Vtb_ARB_TL_V1___024root__DepSet_h228de2ab__0__Slow.cpp"
T    142460  6083402  1761639690    35698252  1761639690    35698252 "obj_dir/Vtb_ARB_TL_V1___024root__DepSet_h4b7d119b__0.cpp"
T     38402  6083400  1761639690    32910362  1761639690    32910362 "obj_dir/Vtb_ARB_TL_V1___024root__DepSet_h4b7d119b__0__Slow.cpp"
T       779  6083398  1761639690    32216243  1761639690    32216243 "obj_dir/Vtb_ARB_TL_V1___024root__Slow.cpp"
T       747  6083397  1761639690    32139698  1761639690    32139698 "obj_dir/Vtb_ARB_TL_V1___024unit.h"
T       530  6083404  1761639690    35939996  1761639690    35939996 "obj_dir/Vtb_ARB_TL_V1___024unit__DepSet_h0b35d14a__0__Slow.cpp"
T       737  6083403  1761639690    35855212  1761639690    35855212 "obj_dir/Vtb_ARB_TL_V1___024unit__Slow.cpp"
T      1072  6083405  1761639690    36001216  1761639690    36001216 "obj_dir/Vtb_ARB_TL_V1__main.cpp"
T       791  6083395  1761639690    31770383  1761639690    31770383 "obj_dir/Vtb_ARB_TL_V1__pch.h"
T      1056  6083415  1761639690    36142098  1761639690    36142098 "obj_dir/Vtb_ARB_TL_V1__ver.d"
T         0        0  1761639690    36142098  1761639690    36142098 "obj_dir/Vtb_ARB_TL_V1__verFiles.dat"
T      1955  6083406  1761639690    36065353  1761639690    36065353 "obj_dir/Vtb_ARB_TL_V1_classes.mk"
S      2423  6045599  1761630326   751258988  1761630326   751258988 "reqs_fifo.sv"
S      3322  5856690  1760955794   950809019  1760955794   950809019 "reservation_counter.sv"
S      1832  6045801  1761639580   428880230  1761639580   428880230 "response_fifo.sv"
S      5489  6083146  1761639688   323816694  1761639688   323816694 "tb_arb_tl_v1.sv"
